/*--------------------------------*- C++ -*----------------------------------*\
| =========                 |                                                 |
| \\      /  F ield         | OpenFOAM: The Open Source CFD Toolbox           |
|  \\    /   O peration     | Version:  2.4.0                                 |
|   \\  /    A nd           | Web:      www.OpenFOAM.org                      |
|    \\/     M anipulation  |                                                 |
\*---------------------------------------------------------------------------*/
FoamFile
{
    version     2.0;
    format      ascii;
    class       faceList;
    location    "constant/fuel/polyMesh";
    object      faces;
}
// * * * * * * * * * * * * * * * * * * * * * * * * * * * * * * * * * * * * * //


295
(
4(133 139 128 126)
4(56 133 126 49)
4(49 126 128 51)
4(56 62 139 133)
4(62 51 128 139)
4(133 104 97 126)
4(126 97 99 128)
4(133 139 110 104)
4(139 128 99 110)
4(125 137 127 135)
4(60 50 127 137)
4(48 60 137 125)
4(58 135 127 50)
4(48 125 135 58)
4(137 127 98 108)
4(125 137 108 96)
4(135 106 98 127)
4(125 96 106 135)
4(92 93 142 134)
4(9 92 134 57)
4(57 134 142 65)
4(10 65 142 93)
4(92 43 105 134)
4(134 105 113 142)
4(93 142 113 44)
4(126 130 141 133)
4(56 133 141 64)
4(49 53 130 126)
4(53 64 141 130)
4(133 104 112 141)
4(126 130 101 97)
4(130 141 112 101)
4(89 150 145 151)
4(6 89 151 74)
4(73 68 145 150)
4(74 151 145 68)
4(6 73 150 89)
4(89 40 122 151)
4(150 145 116 121)
4(151 122 116 145)
4(89 150 121 40)
4(138 80 79 135)
4(58 135 79 15)
4(61 138 135 58)
4(61 16 80 138)
4(135 106 34 79)
4(138 109 106 135)
4(138 80 33 109)
4(126 128 127 144)
4(67 144 127 50)
4(49 126 144 67)
4(51 50 127 128)
4(144 115 98 127)
4(126 97 115 144)
4(128 127 98 99)
4(137 124 144 127)
4(47 67 144 124)
4(60 47 124 137)
4(124 144 115 95)
4(137 124 95 108)
4(137 125 143 132)
4(60 137 132 55)
4(48 66 143 125)
4(55 132 143 66)
4(137 108 103 132)
4(125 143 114 96)
4(132 103 114 143)
4(134 131 46 92)
4(54 0 46 131)
4(57 54 131 134)
4(131 46 3 102)
4(134 131 102 105)
4(142 126 144 134)
4(57 134 144 67)
4(65 49 126 142)
4(134 105 115 144)
4(142 126 97 113)
4(132 91 46 131)
4(55 132 131 54)
4(55 8 91 132)
4(132 103 102 131)
4(132 91 42 103)
4(149 94 152 130)
4(11 75 152 94)
4(72 149 130 53)
4(53 130 152 75)
4(72 11 94 149)
4(94 152 123 45)
4(149 120 101 130)
4(130 101 123 152)
4(149 94 45 120)
4(144 124 131 134)
4(47 54 131 124)
4(124 131 102 95)
4(137 132 131 124)
4(141 86 85 133)
4(56 133 85 21)
4(64 22 86 141)
4(133 104 28 85)
4(141 86 27 112)
4(148 135 79 78)
4(71 58 135 148)
4(71 148 78 14)
4(148 135 106 119)
4(148 119 35 78)
4(84 139 133 85)
4(20 62 139 84)
4(84 139 110 29)
4(140 138 135 127)
4(63 140 127 50)
4(63 61 138 140)
4(140 111 98 127)
4(140 138 109 111)
4(136 82 81 140)
4(59 136 140 63)
4(59 18 82 136)
4(63 140 81 17)
4(136 107 111 140)
4(136 82 31 107)
4(140 111 32 81)
4(140 127 128 136)
4(59 136 128 51)
4(136 107 99 128)
4(147 83 82 136)
4(70 19 83 147)
4(70 147 136 59)
4(147 83 30 118)
4(147 118 107 136)
4(148 129 125 135)
4(71 52 129 148)
4(52 48 125 129)
4(148 129 100 119)
4(129 125 96 100)
4(140 81 80 138)
4(76 39 89 151)
4(12 76 151 74)
4(76 37 122 151)
4(88 152 94 38)
4(24 75 152 88)
4(88 152 123 25)
4(139 84 83 147)
4(62 139 147 70)
4(139 110 118 147)
4(148 145 150 129)
4(71 68 145 148)
4(52 129 150 73)
4(148 145 116 119)
4(129 100 121 150)
4(146 87 86 141)
4(69 23 87 146)
4(69 146 141 64)
4(146 87 26 117)
4(146 117 112 141)
4(145 148 78 77)
4(68 145 77 13)
4(145 116 36 77)
4(151 145 77 76)
4(136 128 139 147)
4(152 88 87 146)
4(75 152 146 69)
4(152 123 117 146)
4(149 130 126 142)
4(72 149 142 65)
4(149 120 113 142)
4(150 143 125 129)
4(73 66 143 150)
4(150 143 114 121)
4(141 130 152 146)
4(142 93 94 149)
4(143 150 89 90)
4(66 143 90 7)
4(143 114 41 90)
4(91 132 143 90)
4(56 49 51 62)
4(104 110 99 97)
4(48 58 50 60)
4(96 108 98 106)
4(9 57 65 10)
4(43 44 113 105)
4(49 56 64 53)
4(97 101 112 104)
4(6 74 68 73)
4(40 121 116 122)
4(61 58 15 16)
4(109 33 34 106)
4(49 67 50 51)
4(97 99 98 115)
4(60 50 67 47)
4(108 95 115 98)
4(60 55 66 48)
4(108 96 114 103)
4(57 9 0 54)
4(105 102 3 43)
4(65 57 67 49)
4(113 97 115 105)
4(55 54 0 8)
4(103 42 3 102)
4(72 53 75 11)
4(120 45 123 101)
4(67 57 54 47)
4(115 95 102 105)
4(60 47 54 55)
4(108 103 102 95)
4(64 56 21 22)
4(112 27 28 104)
4(71 14 15 58)
4(119 106 34 35)
4(20 21 56 62)
4(29 110 104 28)
4(63 50 58 61)
4(111 109 106 98)
4(59 63 17 18)
4(107 31 32 111)
4(63 59 51 50)
4(111 98 99 107)
4(70 59 18 19)
4(118 30 31 107)
4(71 58 48 52)
4(119 100 96 106)
4(63 61 16 17)
4(111 32 33 109)
4(12 74 6 2)
4(37 5 40 122)
4(24 1 11 75)
4(25 123 45 4)
4(62 70 19 20)
4(110 29 30 118)
4(71 52 73 68)
4(119 116 121 100)
4(69 64 22 23)
4(117 26 27 112)
4(68 13 14 71)
4(116 119 35 36)
4(74 12 13 68)
4(122 116 36 37)
4(59 70 62 51)
4(107 99 110 118)
4(75 69 23 24)
4(123 25 26 117)
4(72 65 49 53)
4(120 101 97 113)
4(73 52 48 66)
4(121 114 96 100)
4(64 69 75 53)
4(112 101 123 117)
4(65 72 11 10)
4(113 44 45 120)
4(66 7 6 73)
4(114 121 40 41)
4(8 7 66 55)
4(42 103 114 41)
4(9 10 93 92)
4(92 93 44 43)
4(9 92 46 0)
4(92 43 3 46)
4(8 0 46 91)
4(91 46 3 42)
4(2 6 89 39)
4(39 89 40 5)
4(1 38 94 11)
4(38 4 45 94)
4(10 11 94 93)
4(93 94 45 44)
4(7 90 89 6)
4(90 41 40 89)
4(8 91 90 7)
4(91 42 41 90)
4(21 20 84 85)
4(85 84 29 28)
4(23 22 86 87)
4(87 86 27 26)
4(19 18 82 83)
4(83 82 31 30)
4(21 85 86 22)
4(85 28 27 86)
4(23 87 88 24)
4(87 26 25 88)
4(19 83 84 20)
4(83 30 29 84)
4(17 81 82 18)
4(81 32 31 82)
4(13 12 76 77)
4(77 76 37 36)
4(15 79 80 16)
4(79 34 33 80)
4(17 16 80 81)
4(81 80 33 32)
4(15 14 78 79)
4(79 78 35 34)
4(13 77 78 14)
4(77 36 35 78)
4(1 24 88 38)
4(38 88 25 4)
4(12 2 39 76)
4(76 39 5 37)
)


// ************************************************************************* //
