/*--------------------------------*- C++ -*----------------------------------*\
| =========                 |                                                 |
| \\      /  F ield         | OpenFOAM: The Open Source CFD Toolbox           |
|  \\    /   O peration     | Version:  2.4.0                                 |
|   \\  /    A nd           | Web:      www.OpenFOAM.org                      |
|    \\/     M anipulation  |                                                 |
\*---------------------------------------------------------------------------*/
FoamFile
{
    version     2.0;
    format      ascii;
    class       labelList;
    note        "nPoints:153  nCells:78  nFaces:295  nInternalFaces:173";
    location    "constant/fuel/polyMesh";
    object      owner;
}
// * * * * * * * * * * * * * * * * * * * * * * * * * * * * * * * * * * * * * //


295
(
0
0
0
0
0
1
1
1
1
2
2
2
2
2
3
3
3
3
4
4
4
4
5
5
5
6
6
6
6
7
7
7
8
8
8
8
8
9
9
9
9
10
10
10
10
11
11
11
12
12
12
12
13
13
13
14
14
14
15
15
16
16
16
16
17
17
17
18
18
18
19
19
20
20
20
21
21
22
22
22
23
23
24
24
24
24
24
25
25
25
25
26
26
27
28
30
30
30
31
31
32
32
32
33
33
34
34
35
36
36
36
37
37
38
38
38
38
39
39
39
40
40
41
42
42
42
43
43
44
44
44
45
45
46
48
48
49
50
50
51
52
52
53
54
54
54
55
55
56
56
56
57
57
58
58
59
60
62
64
64
65
66
66
67
68
68
69
70
72
74
74
75
76
0
1
2
3
4
5
6
7
8
9
10
11
12
13
14
15
16
17
18
19
20
21
22
23
24
25
26
27
28
29
30
31
32
33
34
35
36
37
38
39
40
41
42
43
44
45
46
47
48
49
50
51
52
53
54
55
56
57
58
59
60
61
62
63
64
65
66
67
68
69
70
71
72
73
74
75
76
77
4
5
18
19
22
23
48
49
50
51
72
73
74
75
76
77
34
35
56
57
42
43
30
31
64
65
52
53
38
39
60
61
10
11
46
47
32
33
58
59
50
51
48
49
)


// ************************************************************************* //
