/*--------------------------------*- C++ -*----------------------------------*\
| =========                 |                                                 |
| \\      /  F ield         | OpenFOAM: The Open Source CFD Toolbox           |
|  \\    /   O peration     | Version:  2.4.0                                 |
|   \\  /    A nd           | Web:      www.OpenFOAM.org                      |
|    \\/     M anipulation  |                                                 |
\*---------------------------------------------------------------------------*/
FoamFile
{
    version     2.0;
    format      ascii;
    class       vectorField;
    location    "constant/fuel/polyMesh";
    object      points;
}
// * * * * * * * * * * * * * * * * * * * * * * * * * * * * * * * * * * * * * //


153
(
(0 0 0)
(4.6 0 0)
(0 4.6 0)
(0 0 1)
(4.6 0 1)
(0 4.6 1)
(0 3.933885 0)
(0 3.015122 0)
(0 1.747884 0)
(1.747884 0 0)
(3.015122 0 0)
(3.933885 0 0)
(0.5150366 4.571076 0)
(1.023596 4.484668 0)
(1.519284 4.341863 0)
(1.995865 4.144457 0)
(2.447348 3.894931 0)
(2.868053 3.596425 0)
(3.252691 3.252691 0)
(3.596425 2.868053 0)
(3.894931 2.447348 0)
(4.144457 1.995865 0)
(4.341863 1.519284 0)
(4.484668 1.023596 0)
(4.571076 0.5150366 0)
(4.571076 0.5150366 1)
(4.484668 1.023596 1)
(4.341863 1.519284 1)
(4.144457 1.995865 1)
(3.894931 2.447348 1)
(3.596425 2.868053 1)
(3.252691 3.252691 1)
(2.868053 3.596425 1)
(2.447348 3.894931 1)
(1.995865 4.144457 1)
(1.519284 4.341863 1)
(1.023596 4.484668 1)
(0.5150366 4.571076 1)
(4.6 0 0.5)
(0 4.6 0.5)
(0 3.933885 1)
(0 3.015122 1)
(0 1.747884 1)
(1.747884 0 1)
(3.015122 0 1)
(3.933885 0 1)
(0 0 0.5)
(1.920493 1.826863 0)
(1.17412 3.195461 0)
(3.189074 1.370995 0)
(2.366531 2.63306 0)
(3.07249 2.197361 0)
(0.9538622 3.603533 0)
(3.733077 0.8126646 0)
(1.056705 1.056705 0)
(0.900731 2.075916 0)
(3.720256 1.54098 0)
(2.132345 0.8587041 0)
(1.80894 3.492404 0)
(3.104246 2.769966 0)
(1.663836 2.482446 0)
(2.347323 3.51014 0)
(3.577921 1.998916 0)
(2.671538 3.127398 0)
(4.006244 1.136083 0)
(2.969989 0.6454514 0)
(0.6195425 2.872637 0)
(2.464384 1.703501 0)
(0.7326453 4.090445 0)
(4.239805 0.8372885 0)
(3.426197 2.545645 0)
(1.185024 3.953692 0)
(3.545651 0.4860387 0)
(0.5395968 3.633345 0)
(0.415894 4.198469 0)
(4.188843 0.4160997 0)
(0.5150366 4.571076 0.5)
(1.023596 4.484668 0.5)
(1.519284 4.341863 0.5)
(1.995865 4.144457 0.5)
(2.447348 3.894931 0.5)
(2.868053 3.596425 0.5)
(3.252691 3.252691 0.5)
(3.596425 2.868053 0.5)
(3.894931 2.447348 0.5)
(4.144457 1.995865 0.5)
(4.341863 1.519284 0.5)
(4.484668 1.023596 0.5)
(4.571076 0.5150366 0.5)
(0 3.933885 0.5)
(0 3.015122 0.5)
(0 1.747884 0.5)
(1.747884 0 0.5)
(3.015122 0 0.5)
(3.933885 0 0.5)
(1.920493 1.826863 1)
(1.17412 3.195461 1)
(3.189074 1.370995 1)
(2.366531 2.63306 1)
(3.07249 2.197361 1)
(0.9538622 3.603533 1)
(3.733077 0.8126646 1)
(1.056705 1.056705 1)
(0.900731 2.075916 1)
(3.720256 1.54098 1)
(2.132345 0.8587041 1)
(1.80894 3.492404 1)
(3.104246 2.769966 1)
(1.663836 2.482446 1)
(2.347323 3.51014 1)
(3.577921 1.998916 1)
(2.671538 3.127398 1)
(4.006244 1.136083 1)
(2.969989 0.6454514 1)
(0.6195425 2.872637 1)
(2.464384 1.703501 1)
(0.7326453 4.090445 1)
(4.239805 0.8372885 1)
(3.426197 2.545645 1)
(1.185024 3.953692 1)
(3.545651 0.4860387 1)
(0.5395968 3.633345 1)
(0.415894 4.198469 1)
(4.188843 0.4160997 1)
(1.920493 1.826863 0.5)
(1.17412 3.195461 0.5)
(3.189074 1.370995 0.5)
(2.366531 2.63306 0.5)
(3.07249 2.197361 0.5)
(0.9538622 3.603533 0.5)
(3.733077 0.8126646 0.5)
(1.056705 1.056705 0.5)
(0.900731 2.075916 0.5)
(3.720256 1.54098 0.5)
(2.132345 0.8587041 0.5)
(1.80894 3.492404 0.5)
(3.104246 2.769966 0.5)
(1.663836 2.482446 0.5)
(2.347323 3.51014 0.5)
(3.577921 1.998916 0.5)
(2.671538 3.127398 0.5)
(4.006244 1.136083 0.5)
(2.969989 0.6454514 0.5)
(0.6195425 2.872637 0.5)
(2.464384 1.703501 0.5)
(0.7326453 4.090445 0.5)
(4.239805 0.8372885 0.5)
(3.426197 2.545645 0.5)
(1.185024 3.953692 0.5)
(3.545651 0.4860387 0.5)
(0.5395968 3.633345 0.5)
(0.415894 4.198469 0.5)
(4.188843 0.4160997 0.5)
)


// ************************************************************************* //
