/*--------------------------------*- C++ -*----------------------------------*\
| =========                 |                                                 |
| \\      /  F ield         | OpenFOAM: The Open Source CFD Toolbox           |
|  \\    /   O peration     | Version:  2.4.0                                 |
|   \\  /    A nd           | Web:      www.OpenFOAM.org                      |
|    \\/     M anipulation  |                                                 |
\*---------------------------------------------------------------------------*/
FoamFile
{
    version     2.0;
    format      ascii;
    class       faceList;
    location    "constant/coolant/polyMesh";
    object      faces;
}
// * * * * * * * * * * * * * * * * * * * * * * * * * * * * * * * * * * * * * //


299
(
4(99 153 136 98)
4(30 78 153 99)
4(29 98 136 61)
4(78 61 136 153)
4(99 153 126 46)
4(98 45 109 136)
4(153 136 109 126)
4(87 88 137 154)
4(18 87 154 79)
4(19 62 137 88)
4(79 154 137 62)
4(87 34 127 154)
4(88 137 110 35)
4(154 127 110 137)
4(99 54 100 153)
4(78 153 100 13)
4(153 126 47 100)
4(87 154 86 53)
4(79 12 86 154)
4(154 86 33 127)
4(138 103 135 132)
4(16 60 135 103)
4(63 138 132 57)
4(57 132 135 60)
4(63 16 103 138)
4(103 135 108 50)
4(138 111 105 132)
4(132 105 108 135)
4(138 103 50 111)
4(90 139 144 89)
4(20 89 144 69)
4(21 64 139 90)
4(64 69 144 139)
4(89 36 117 144)
4(90 139 112 37)
4(139 144 117 112)
4(96 97 145 140)
4(28 70 145 97)
4(27 96 140 65)
4(65 140 145 70)
4(97 145 118 44)
4(96 43 113 140)
4(140 113 118 145)
4(94 95 148 146)
4(71 146 148 73)
4(25 94 146 71)
4(26 73 148 95)
4(146 119 121 148)
4(94 41 119 146)
4(95 148 121 42)
4(137 88 89 144)
4(62 137 144 69)
4(137 110 117 144)
4(136 145 97 98)
4(61 70 145 136)
4(136 145 118 109)
4(84 85 157 142)
4(10 84 142 67)
4(11 82 157 85)
4(67 142 157 82)
4(84 31 115 142)
4(85 157 130 32)
4(142 115 130 157)
4(102 143 158 101)
4(15 68 143 102)
4(14 101 158 83)
4(68 83 158 143)
4(102 143 116 49)
4(101 48 131 158)
4(143 158 131 116)
4(148 140 135 146)
4(73 65 140 148)
4(71 146 135 60)
4(65 60 135 140)
4(148 140 113 121)
4(146 119 108 135)
4(140 135 108 113)
4(146 149 93 94)
4(71 74 149 146)
4(74 24 93 149)
4(146 149 122 119)
4(149 93 40 122)
4(139 90 91 147)
4(64 139 147 72)
4(72 147 91 22)
4(139 112 120 147)
4(147 120 38 91)
4(140 148 95 96)
4(141 135 150 134)
4(59 134 150 75)
4(60 75 150 135)
4(66 60 135 141)
4(66 141 134 59)
4(134 107 123 150)
4(135 150 123 108)
4(141 135 108 114)
4(141 114 107 134)
4(56 104 134 150)
4(2 56 150 75)
4(17 59 134 104)
4(56 9 123 150)
4(104 134 107 51)
4(56 150 135 103)
4(84 142 133 156)
4(67 58 133 142)
4(81 156 133 58)
4(10 84 156 81)
4(142 133 106 115)
4(156 129 106 133)
4(84 31 129 156)
4(102 138 132 143)
4(68 143 132 57)
4(15 63 138 102)
4(143 116 105 132)
4(102 138 111 49)
4(149 146 135 141)
4(74 149 141 66)
4(149 122 114 141)
4(135 140 145 132)
4(57 132 145 70)
4(132 105 118 145)
4(144 133 142 137)
4(62 137 142 67)
4(69 58 133 144)
4(137 110 115 142)
4(144 133 106 117)
4(145 136 143 132)
4(61 68 143 136)
4(136 143 116 109)
4(92 93 149 152)
4(23 92 152 77)
4(77 152 149 74)
4(92 39 125 152)
4(152 125 122 149)
4(85 86 154 157)
4(82 157 154 79)
4(157 130 127 154)
4(101 158 153 100)
4(83 78 153 158)
4(158 153 126 131)
4(91 92 152 151)
4(22 91 151 76)
4(76 151 152 77)
4(91 38 124 151)
4(151 124 125 152)
4(147 155 156 139)
4(64 139 156 81)
4(72 80 155 147)
4(80 81 156 155)
4(139 112 129 156)
4(147 155 128 120)
4(155 156 129 128)
4(143 136 153 158)
4(142 157 154 137)
4(144 139 156 133)
4(91 151 155 147)
4(76 80 155 151)
4(151 155 128 124)
4(151 152 149 141)
4(76 151 141 66)
4(151 124 114 141)
4(151 141 134 155)
4(80 155 134 59)
4(155 128 107 134)
4(104 156 155 134)
4(17 81 156 104)
4(104 156 129 51)
4(102 55 103 138)
4(84 156 104 52)
4(30 29 61 78)
4(18 79 62 19)
4(30 78 13 0)
4(18 4 12 79)
4(63 57 60 16)
4(21 20 69 64)
4(27 65 70 28)
4(25 71 73 26)
4(62 69 20 19)
4(61 29 28 70)
4(10 67 82 11)
4(15 14 83 68)
4(73 71 60 65)
4(71 25 24 74)
4(64 72 22 21)
4(65 27 26 73)
4(66 59 75 60)
4(2 75 59 17)
4(2 16 60 75)
4(10 81 58 67)
4(15 68 57 63)
4(74 66 60 71)
4(60 57 70 65)
4(69 62 67 58)
4(70 57 68 61)
4(23 77 74 24)
4(11 82 79 12)
4(14 13 78 83)
4(22 76 77 23)
4(72 64 81 80)
4(68 83 78 61)
4(67 62 79 82)
4(69 58 81 64)
4(22 72 80 76)
4(76 66 74 77)
4(76 80 59 66)
4(17 59 80 81)
4(15 63 16 1)
4(10 3 17 81)
4(0 13 100 54)
4(54 100 47 7)
4(4 53 86 12)
4(53 6 33 86)
4(10 11 85 84)
4(84 85 32 31)
4(15 102 101 14)
4(102 49 48 101)
4(2 17 104 56)
4(56 104 51 9)
4(2 56 103 16)
4(56 9 50 103)
4(11 12 86 85)
4(85 86 33 32)
4(14 101 100 13)
4(101 48 47 100)
4(1 16 103 55)
4(15 1 55 102)
4(55 103 50 8)
4(102 55 8 49)
4(10 84 52 3)
4(3 52 104 17)
4(84 31 5 52)
4(52 5 51 104)
4(46 126 109 45)
4(34 35 110 127)
4(46 7 47 126)
4(34 127 33 6)
4(111 50 108 105)
4(37 112 117 36)
4(43 44 118 113)
4(41 42 121 119)
4(110 35 36 117)
4(109 118 44 45)
4(31 32 130 115)
4(49 116 131 48)
4(121 113 108 119)
4(119 122 40 41)
4(112 37 38 120)
4(113 121 42 43)
4(114 108 123 107)
4(9 51 107 123)
4(9 123 108 50)
4(31 115 106 129)
4(49 111 105 116)
4(122 119 108 114)
4(108 113 118 105)
4(117 106 115 110)
4(118 109 116 105)
4(39 40 122 125)
4(32 33 127 130)
4(48 131 126 47)
4(38 39 125 124)
4(120 128 129 112)
4(116 109 126 131)
4(115 130 127 110)
4(117 112 129 106)
4(38 124 128 120)
4(124 125 122 114)
4(124 114 107 128)
4(51 129 128 107)
4(49 8 50 111)
4(31 129 51 5)
4(30 99 98 29)
4(99 46 45 98)
4(18 19 88 87)
4(87 88 35 34)
4(30 0 54 99)
4(99 54 7 46)
4(18 87 53 4)
4(87 34 6 53)
4(21 90 89 20)
4(90 37 36 89)
4(27 28 97 96)
4(96 97 44 43)
4(25 26 95 94)
4(94 95 42 41)
4(19 20 89 88)
4(88 89 36 35)
4(29 98 97 28)
4(98 45 44 97)
4(25 94 93 24)
4(94 41 40 93)
4(21 22 91 90)
4(90 91 38 37)
4(27 96 95 26)
4(96 43 42 95)
4(23 24 93 92)
4(92 93 40 39)
4(22 23 92 91)
4(91 92 39 38)
)


// ************************************************************************* //
