/*--------------------------------*- C++ -*----------------------------------*\
| =========                 |                                                 |
| \\      /  F ield         | OpenFOAM: The Open Source CFD Toolbox           |
|  \\    /   O peration     | Version:  2.4.0                                 |
|   \\  /    A nd           | Web:      www.OpenFOAM.org                      |
|    \\/     M anipulation  |                                                 |
\*---------------------------------------------------------------------------*/
FoamFile
{
    version     2.0;
    format      ascii;
    class       labelList;
    note        "nPoints:159  nCells:78  nFaces:299  nInternalFaces:169";
    location    "constant/coolant/polyMesh";
    object      owner;
}
// * * * * * * * * * * * * * * * * * * * * * * * * * * * * * * * * * * * * * //


299
(
0
0
0
0
1
1
1
2
2
2
2
3
3
3
4
4
5
6
6
7
8
8
8
8
8
9
9
9
9
10
10
10
10
11
11
11
12
12
12
12
13
13
13
14
14
14
14
15
15
15
16
16
17
18
18
19
20
20
20
20
21
21
21
22
22
22
22
23
23
23
24
24
24
24
25
25
25
26
26
26
27
27
28
28
28
29
29
30
32
32
32
32
32
33
33
33
33
34
34
34
35
35
36
38
38
38
38
39
39
39
40
40
40
41
41
42
42
43
44
44
45
46
46
46
47
47
48
48
49
50
50
50
51
51
52
52
53
54
54
55
56
56
56
57
57
58
58
58
58
59
59
59
60
62
64
66
66
67
68
68
69
70
70
71
72
72
73
74
76
0
2
4
6
8
10
12
14
16
18
20
22
24
26
28
30
32
34
36
38
40
42
44
46
48
50
52
54
56
58
60
62
64
66
68
70
72
74
76
4
5
6
7
20
21
22
23
34
35
36
37
52
53
54
55
74
74
75
75
76
76
77
77
1
3
5
7
9
11
13
15
17
19
21
23
25
27
29
31
33
35
37
39
41
43
45
47
49
51
53
55
57
59
61
63
65
67
69
71
73
75
77
0
1
2
3
4
5
6
7
10
11
12
13
14
15
16
17
18
19
26
27
28
29
30
31
50
51
56
57
)


// ************************************************************************* //
