/*--------------------------------*- C++ -*----------------------------------*\
| =========                 |                                                 |
| \\      /  F ield         | OpenFOAM: The Open Source CFD Toolbox           |
|  \\    /   O peration     | Version:  2.4.0                                 |
|   \\  /    A nd           | Web:      www.OpenFOAM.org                      |
|    \\/     M anipulation  |                                                 |
\*---------------------------------------------------------------------------*/
FoamFile
{
    version     2.0;
    format      ascii;
    class       vectorField;
    location    "constant/coolant/polyMesh";
    object      points;
}
// * * * * * * * * * * * * * * * * * * * * * * * * * * * * * * * * * * * * * //


159
(
(5 0 0)
(9 0 0)
(9 9 0)
(0 9 0)
(0 5 0)
(0 9 1)
(0 5 1)
(5 0 1)
(9 0 1)
(9 9 1)
(0 7.521851 0)
(0 6.423277 0)
(0 5.606807 0)
(5.606807 0 0)
(6.423277 0 0)
(7.521851 0 0)
(9 4.5 0)
(4.5 9 0)
(0.5598224 4.968561 0)
(1.112605 4.87464 0)
(1.651395 4.719417 0)
(2.169419 4.504844 0)
(2.66016 4.233621 0)
(3.117449 3.909157 0)
(3.535534 3.535534 0)
(3.909157 3.117449 0)
(4.233621 2.66016 0)
(4.504844 2.169419 0)
(4.719417 1.651395 0)
(4.87464 1.112605 0)
(4.968561 0.5598224 0)
(0 7.521851 1)
(0 6.423277 1)
(0 5.606807 1)
(0.5598224 4.968561 1)
(1.112605 4.87464 1)
(1.651395 4.719417 1)
(2.169419 4.504844 1)
(2.66016 4.233621 1)
(3.117449 3.909157 1)
(3.535534 3.535534 1)
(3.909157 3.117449 1)
(4.233621 2.66016 1)
(4.504844 2.169419 1)
(4.719417 1.651395 1)
(4.87464 1.112605 1)
(4.968561 0.5598224 1)
(5.606807 0 1)
(6.423277 0 1)
(7.521851 0 1)
(9 4.5 1)
(4.5 9 1)
(0 9 0.5)
(0 5 0.5)
(5 0 0.5)
(9 0 0.5)
(9 9 0.5)
(6.672693 2.160471 0)
(1.787274 6.228277 0)
(4.763261 6.470928 0)
(6.231705 4.002212 0)
(5.804455 1.046936 0)
(1.045307 5.697768 0)
(7.731515 2.220157 0)
(2.296917 5.454813 0)
(5.428805 2.536506 0)
(4.648896 4.758017 0)
(0.8277558 6.386047 0)
(6.666486 0.8630739 0)
(1.716463 5.528471 0)
(5.682759 1.827448 0)
(4.768672 3.478808 0)
(2.808315 5.062736 0)
(4.826734 2.859585 0)
(4.108862 3.956167 0)
(6.664989 6.491047 0)
(3.521917 4.624469 0)
(3.578519 4.160266 0)
(5.647777 0.5150505 0)
(0.517733 5.590706 0)
(3.467869 5.499774 0)
(2.460774 6.729041 0)
(0.4612981 6.101053 0)
(6.220282 0.4549876 0)
(0 7.521851 0.5)
(0 6.423277 0.5)
(0 5.606807 0.5)
(0.5598224 4.968561 0.5)
(1.112605 4.87464 0.5)
(1.651395 4.719417 0.5)
(2.169419 4.504844 0.5)
(2.66016 4.233621 0.5)
(3.117449 3.909157 0.5)
(3.535534 3.535534 0.5)
(3.909157 3.117449 0.5)
(4.233621 2.66016 0.5)
(4.504844 2.169419 0.5)
(4.719417 1.651395 0.5)
(4.87464 1.112605 0.5)
(4.968561 0.5598224 0.5)
(5.606807 0 0.5)
(6.423277 0 0.5)
(7.521851 0 0.5)
(9 4.5 0.5)
(4.5 9 0.5)
(6.672693 2.160471 1)
(1.787274 6.228277 1)
(4.763261 6.470928 1)
(6.231705 4.002212 1)
(5.804455 1.046936 1)
(1.045307 5.697768 1)
(7.731515 2.220157 1)
(2.296917 5.454813 1)
(5.428805 2.536506 1)
(4.648896 4.758017 1)
(0.8277558 6.386047 1)
(6.666486 0.8630739 1)
(1.716463 5.528471 1)
(5.682759 1.827448 1)
(4.768672 3.478808 1)
(2.808315 5.062736 1)
(4.826734 2.859585 1)
(4.108862 3.956167 1)
(6.664989 6.491047 1)
(3.521917 4.624469 1)
(3.578519 4.160266 1)
(5.647777 0.5150505 1)
(0.517733 5.590706 1)
(3.467869 5.499774 1)
(2.460774 6.729041 1)
(0.4612981 6.101053 1)
(6.220282 0.4549876 1)
(6.672693 2.160471 0.5)
(1.787274 6.228277 0.5)
(4.763261 6.470928 0.5)
(6.231705 4.002212 0.5)
(5.804455 1.046936 0.5)
(1.045307 5.697768 0.5)
(7.731515 2.220157 0.5)
(2.296917 5.454813 0.5)
(5.428805 2.536506 0.5)
(4.648896 4.758017 0.5)
(0.8277558 6.386047 0.5)
(6.666486 0.8630739 0.5)
(1.716463 5.528471 0.5)
(5.682759 1.827448 0.5)
(4.768672 3.478808 0.5)
(2.808315 5.062736 0.5)
(4.826734 2.859585 0.5)
(4.108862 3.956167 0.5)
(6.664989 6.491047 0.5)
(3.521917 4.624469 0.5)
(3.578519 4.160266 0.5)
(5.647777 0.5150505 0.5)
(0.517733 5.590706 0.5)
(3.467869 5.499774 0.5)
(2.460774 6.729041 0.5)
(0.4612981 6.101053 0.5)
(6.220282 0.4549876 0.5)
)


// ************************************************************************* //
