/*--------------------------------*- C++ -*----------------------------------*\
| =========                 |                                                 |
| \\      /  F ield         | OpenFOAM: The Open Source CFD Toolbox           |
|  \\    /   O peration     | Version:  2.4.0                                 |
|   \\  /    A nd           | Web:      www.OpenFOAM.org                      |
|    \\/     M anipulation  |                                                 |
\*---------------------------------------------------------------------------*/
FoamFile
{
    version     2.0;
    format      ascii;
    class       faceList;
    location    "constant/cladding/polyMesh";
    object      faces;
}
// * * * * * * * * * * * * * * * * * * * * * * * * * * * * * * * * * * * * * //


277
(
4(154 138 110 111)
4(86 154 111 32)
4(70 31 110 138)
4(86 70 138 154)
4(154 134 55 111)
4(138 110 56 118)
4(154 138 118 134)
4(155 139 112 113)
4(71 33 112 139)
4(87 155 113 34)
4(87 71 139 155)
4(139 112 54 119)
4(155 135 53 113)
4(155 139 119 135)
4(139 98 141 112)
4(33 112 141 73)
4(20 73 141 98)
4(71 20 98 139)
4(112 54 121 141)
4(98 141 121 46)
4(139 98 46 119)
4(153 140 108 109)
4(85 153 109 30)
4(72 29 108 140)
4(85 72 140 153)
4(153 133 57 109)
4(140 108 58 120)
4(153 140 120 133)
4(154 111 112 141)
4(86 154 141 73)
4(154 134 121 141)
4(155 113 114 142)
4(74 142 114 35)
4(87 155 142 74)
4(142 122 52 114)
4(155 135 122 142)
4(153 109 110 143)
4(75 143 110 31)
4(85 153 143 75)
4(143 123 56 110)
4(153 133 123 143)
4(142 114 136 100)
4(22 100 136 68)
4(74 142 100 22)
4(35 68 136 114)
4(100 48 116 136)
4(142 122 48 100)
4(114 136 116 52)
4(143 110 138 96)
4(75 143 96 18)
4(18 96 138 70)
4(143 123 44 96)
4(96 44 118 138)
4(152 107 108 144)
4(76 144 108 29)
4(84 28 107 152)
4(84 152 144 76)
4(144 124 58 108)
4(152 107 59 132)
4(152 132 124 144)
4(144 108 140 94)
4(76 144 94 16)
4(16 94 140 72)
4(144 124 42 94)
4(94 42 120 140)
4(150 145 102 103)
4(77 23 102 145)
4(82 150 103 24)
4(82 77 145 150)
4(145 102 64 125)
4(150 130 63 103)
4(150 145 125 130)
4(145 88 137 102)
4(10 69 137 88)
4(77 10 88 145)
4(23 102 137 69)
4(88 137 117 36)
4(145 88 36 125)
4(102 64 117 137)
4(151 105 106 146)
4(78 146 106 27)
4(83 26 105 151)
4(83 151 146 78)
4(146 126 60 106)
4(151 105 61 131)
4(151 131 126 146)
4(146 106 147 92)
4(27 79 147 106)
4(78 146 92 14)
4(14 92 147 79)
4(106 147 127 60)
4(146 126 40 92)
4(92 40 127 147)
4(152 147 106 107)
4(84 79 147 152)
4(152 147 127 132)
4(151 148 104 105)
4(80 25 104 148)
4(83 80 148 151)
4(148 104 62 128)
4(151 148 128 131)
4(150 103 104 149)
4(81 149 104 25)
4(82 150 149 81)
4(149 129 62 104)
4(150 130 129 149)
4(149 104 148 90)
4(81 149 90 12)
4(12 90 148 80)
4(149 129 38 90)
4(90 38 128 148)
4(100 136 101 50)
4(68 9 101 136)
4(136 101 51 116)
4(88 49 115 137)
4(69 137 115 8)
4(137 117 65 115)
4(145 150 89 88)
4(82 11 89 150)
4(150 89 37 130)
4(149 90 89 150)
4(148 151 91 90)
4(83 13 91 151)
4(151 91 39 131)
4(146 92 91 151)
4(147 152 93 92)
4(84 15 93 152)
4(152 93 41 132)
4(144 94 93 152)
4(140 153 95 94)
4(85 17 95 153)
4(153 95 43 133)
4(143 96 95 153)
4(138 154 97 96)
4(86 19 97 154)
4(154 97 45 134)
4(141 98 97 154)
4(139 155 99 98)
4(87 21 99 155)
4(155 99 47 135)
4(142 100 99 155)
4(66 101 136 114)
4(137 115 67 102)
4(86 32 31 70)
4(134 118 56 55)
4(87 34 33 71)
4(135 119 54 53)
4(71 33 73 20)
4(119 46 121 54)
4(85 30 29 72)
4(133 120 58 57)
4(86 73 33 32)
4(134 55 54 121)
4(87 74 35 34)
4(135 53 52 122)
4(85 75 31 30)
4(133 57 56 123)
4(74 22 68 35)
4(122 52 116 48)
4(75 18 70 31)
4(123 56 118 44)
4(84 76 29 28)
4(132 59 58 124)
4(76 16 72 29)
4(124 58 120 42)
4(82 24 23 77)
4(130 125 64 63)
4(77 23 69 10)
4(125 36 117 64)
4(83 78 27 26)
4(131 61 60 126)
4(78 14 79 27)
4(126 60 127 40)
4(84 28 27 79)
4(132 127 60 59)
4(83 26 25 80)
4(131 128 62 61)
4(82 81 25 24)
4(130 63 62 129)
4(81 12 80 25)
4(129 62 128 38)
4(22 1 9 68)
4(48 116 51 5)
4(10 69 8 2)
4(36 4 65 117)
4(77 10 11 82)
4(125 130 37 36)
4(81 82 11 12)
4(129 38 37 130)
4(80 12 13 83)
4(128 131 39 38)
4(78 83 13 14)
4(126 40 39 131)
4(79 14 15 84)
4(127 132 41 40)
4(76 84 15 16)
4(124 42 41 132)
4(72 16 17 85)
4(120 133 43 42)
4(75 85 17 18)
4(123 44 43 133)
4(70 18 19 86)
4(118 134 45 44)
4(73 86 19 20)
4(121 46 45 134)
4(71 20 21 87)
4(119 135 47 46)
4(74 87 21 22)
4(122 48 47 135)
4(0 35 68 9)
4(6 51 116 52)
4(69 23 3 8)
4(117 65 7 64)
4(1 50 101 9)
4(50 5 51 101)
4(2 8 115 49)
4(49 115 65 4)
4(0 9 101 66)
4(66 101 51 6)
4(8 3 67 115)
4(115 67 7 65)
4(22 21 99 100)
4(100 99 47 48)
4(10 88 89 11)
4(88 36 37 89)
4(22 100 50 1)
4(100 48 5 50)
4(10 2 49 88)
4(88 49 4 36)
4(13 12 90 91)
4(91 90 38 39)
4(19 97 98 20)
4(97 45 46 98)
4(17 95 96 18)
4(95 43 44 96)
4(11 89 90 12)
4(89 37 38 90)
4(21 20 98 99)
4(99 98 46 47)
4(17 16 94 95)
4(95 94 42 43)
4(13 91 92 14)
4(91 39 40 92)
4(19 18 96 97)
4(97 96 44 45)
4(15 93 94 16)
4(93 41 42 94)
4(14 92 93 15)
4(92 40 41 93)
4(32 111 110 31)
4(111 55 56 110)
4(34 113 112 33)
4(113 53 54 112)
4(30 109 108 29)
4(109 57 58 108)
4(32 33 112 111)
4(111 112 54 55)
4(34 35 114 113)
4(113 114 52 53)
4(30 31 110 109)
4(109 110 56 57)
4(28 29 108 107)
4(107 108 58 59)
4(24 103 102 23)
4(103 63 64 102)
4(26 27 106 105)
4(105 106 60 61)
4(28 107 106 27)
4(107 59 60 106)
4(26 105 104 25)
4(105 61 62 104)
4(24 25 104 103)
4(103 104 62 63)
4(0 66 114 35)
4(66 6 52 114)
4(23 102 67 3)
4(102 64 7 67)
)


// ************************************************************************* //
