/*--------------------------------*- C++ -*----------------------------------*\
| =========                 |                                                 |
| \\      /  F ield         | OpenFOAM: The Open Source CFD Toolbox           |
|  \\    /   O peration     | Version:  2.4.0                                 |
|   \\  /    A nd           | Web:      www.OpenFOAM.org                      |
|    \\/     M anipulation  |                                                 |
\*---------------------------------------------------------------------------*/
FoamFile
{
    version     2.0;
    format      ascii;
    class       labelList;
    location    "constant/cladding/polyMesh";
    object      faceRegionAddressing;
}
// * * * * * * * * * * * * * * * * * * * * * * * * * * * * * * * * * * * * * //


277
(
198
199
200
201
203
204
205
207
208
209
210
212
213
214
216
217
218
219
220
221
222
223
224
225
226
228
229
230
232
233
235
237
238
239
241
242
244
245
246
248
249
251
252
253
254
255
256
257
258
259
260
261
262
263
264
265
266
268
269
270
272
273
274
275
276
277
278
279
280
282
283
284
286
287
288
289
290
291
292
293
294
295
296
298
299
300
302
303
304
305
306
307
308
309
310
312
314
315
316
318
319
321
322
323
325
326
328
329
330
331
332
333
334
335
336
337
338
339
340
341
342
343
344
345
346
347
348
349
350
351
352
353
354
355
356
357
358
359
360
361
362
363
366
581
582
583
584
585
586
587
588
589
590
591
592
593
594
595
596
597
598
599
600
601
602
603
604
605
606
607
608
609
610
611
612
613
614
615
616
617
618
619
620
621
622
623
624
625
626
627
628
629
630
631
632
633
634
635
636
637
638
639
640
641
642
643
644
645
646
647
648
649
650
753
754
755
756
757
758
759
760
-5
-9
-14
-18
-21
-23
-26
-28
-42
-46
-51
-55
-60
-64
-67
-69
-72
-74
-99
-102
-106
-109
-111
-112
-157
-160
-170
-173
202
206
211
215
227
231
234
236
240
243
247
250
267
271
281
285
297
301
311
313
317
320
324
327
364
365
367
368
)


// ************************************************************************* //
