/*--------------------------------*- C++ -*----------------------------------*\
| =========                 |                                                 |
| \\      /  F ield         | OpenFOAM: The Open Source CFD Toolbox           |
|  \\    /   O peration     | Version:  2.4.0                                 |
|   \\  /    A nd           | Web:      www.OpenFOAM.org                      |
|    \\/     M anipulation  |                                                 |
\*---------------------------------------------------------------------------*/
FoamFile
{
    version     2.0;
    format      ascii;
    class       labelList;
    note        "nPoints:156  nCells:70  nFaces:277  nInternalFaces:143";
    location    "constant/cladding/polyMesh";
    object      owner;
}
// * * * * * * * * * * * * * * * * * * * * * * * * * * * * * * * * * * * * * //


277
(
0
0
0
0
1
1
1
2
2
2
2
3
3
3
4
4
4
4
5
5
5
6
6
6
6
7
7
7
8
8
9
10
10
10
11
11
12
12
12
13
13
14
14
14
14
15
15
15
16
16
16
17
17
18
18
18
18
19
19
19
20
20
20
21
21
22
22
22
22
23
23
23
24
24
24
24
25
25
25
26
26
26
26
27
27
27
28
28
28
28
29
29
29
30
30
31
32
32
32
33
33
34
34
34
35
35
36
36
36
37
37
38
38
39
40
40
41
42
42
43
44
46
46
47
48
50
50
51
52
54
54
55
56
58
58
59
60
62
62
63
64
66
68
0
1
2
3
4
5
6
7
8
9
10
11
12
13
14
15
16
17
18
19
20
21
22
23
24
25
26
27
28
29
30
31
32
33
34
35
36
37
38
39
40
41
42
43
44
45
46
47
48
49
50
51
52
53
54
55
56
57
58
59
60
61
62
63
64
65
66
67
68
69
38
39
40
41
66
67
68
69
64
65
42
43
38
39
40
41
46
47
60
61
56
57
44
45
62
63
54
55
48
49
58
59
52
53
50
51
0
1
2
3
6
7
8
9
10
11
12
13
18
19
22
23
26
27
30
31
32
33
34
35
66
67
68
69
)


// ************************************************************************* //
