/*--------------------------------*- C++ -*----------------------------------*\
| =========                 |                                                 |
| \\      /  F ield         | OpenFOAM: The Open Source CFD Toolbox           |
|  \\    /   O peration     | Version:  2.4.0                                 |
|   \\  /    A nd           | Web:      www.OpenFOAM.org                      |
|    \\/     M anipulation  |                                                 |
\*---------------------------------------------------------------------------*/
FoamFile
{
    version     2.0;
    format      ascii;
    class       vectorField;
    location    "constant/cladding/polyMesh";
    object      points;
}
// * * * * * * * * * * * * * * * * * * * * * * * * * * * * * * * * * * * * * //


156
(
(4.6 0 0)
(5 0 0)
(0 5 0)
(0 4.6 0)
(0 5 1)
(5 0 1)
(4.6 0 1)
(0 4.6 1)
(0 4.8 0)
(4.8 0 0)
(0.5598224 4.968561 0)
(1.112605 4.87464 0)
(1.651395 4.719417 0)
(2.169419 4.504844 0)
(2.66016 4.233621 0)
(3.117449 3.909157 0)
(3.535534 3.535534 0)
(3.909157 3.117449 0)
(4.233621 2.66016 0)
(4.504844 2.169419 0)
(4.719417 1.651395 0)
(4.87464 1.112605 0)
(4.968561 0.5598224 0)
(0.5150366 4.571076 0)
(1.023596 4.484668 0)
(1.519284 4.341863 0)
(1.995865 4.144457 0)
(2.447348 3.894931 0)
(2.868053 3.596425 0)
(3.252691 3.252691 0)
(3.596425 2.868053 0)
(3.894931 2.447348 0)
(4.144457 1.995865 0)
(4.341863 1.519284 0)
(4.484668 1.023596 0)
(4.571076 0.5150366 0)
(0.5598224 4.968561 1)
(1.112605 4.87464 1)
(1.651395 4.719417 1)
(2.169419 4.504844 1)
(2.66016 4.233621 1)
(3.117449 3.909157 1)
(3.535534 3.535534 1)
(3.909157 3.117449 1)
(4.233621 2.66016 1)
(4.504844 2.169419 1)
(4.719417 1.651395 1)
(4.87464 1.112605 1)
(4.968561 0.5598224 1)
(0 5 0.5)
(5 0 0.5)
(4.8 0 1)
(4.571076 0.5150366 1)
(4.484668 1.023596 1)
(4.341863 1.519284 1)
(4.144457 1.995865 1)
(3.894931 2.447348 1)
(3.596425 2.868053 1)
(3.252691 3.252691 1)
(2.868053 3.596425 1)
(2.447348 3.894931 1)
(1.995865 4.144457 1)
(1.519284 4.341863 1)
(1.023596 4.484668 1)
(0.5150366 4.571076 1)
(0 4.8 1)
(4.6 0 0.5)
(0 4.6 0.5)
(4.779879 0.3582863 0)
(0.3582863 4.779879 0)
(4.15177 2.397055 0)
(4.581071 1.4131 0)
(3.514281 3.260811 0)
(4.462679 1.751445 0)
(4.740523 0.7144932 0)
(3.961057 2.700572 0)
(3.260811 3.514281 0)
(0.7144932 4.740523 0)
(2.397055 4.15177 0)
(2.700572 3.961057 0)
(1.751445 4.462679 0)
(1.4131 4.581071 0)
(1.068621 4.681933 0)
(2.083656 4.326757 0)
(2.994209 3.754619 0)
(3.754619 2.994209 0)
(4.326757 2.083656 0)
(4.681933 1.068621 0)
(0.5598224 4.968561 0.5)
(1.112605 4.87464 0.5)
(1.651395 4.719417 0.5)
(2.169419 4.504844 0.5)
(2.66016 4.233621 0.5)
(3.117449 3.909157 0.5)
(3.535534 3.535534 0.5)
(3.909157 3.117449 0.5)
(4.233621 2.66016 0.5)
(4.504844 2.169419 0.5)
(4.719417 1.651395 0.5)
(4.87464 1.112605 0.5)
(4.968561 0.5598224 0.5)
(4.8 0 0.5)
(0.5150366 4.571076 0.5)
(1.023596 4.484668 0.5)
(1.519284 4.341863 0.5)
(1.995865 4.144457 0.5)
(2.447348 3.894931 0.5)
(2.868053 3.596425 0.5)
(3.252691 3.252691 0.5)
(3.596425 2.868053 0.5)
(3.894931 2.447348 0.5)
(4.144457 1.995865 0.5)
(4.341863 1.519284 0.5)
(4.484668 1.023596 0.5)
(4.571076 0.5150366 0.5)
(0 4.8 0.5)
(4.779879 0.3582863 1)
(0.3582863 4.779879 1)
(4.15177 2.397055 1)
(4.581071 1.4131 1)
(3.514281 3.260811 1)
(4.462679 1.751445 1)
(4.740523 0.7144932 1)
(3.961057 2.700572 1)
(3.260811 3.514281 1)
(0.7144932 4.740523 1)
(2.397055 4.15177 1)
(2.700572 3.961057 1)
(1.751445 4.462679 1)
(1.4131 4.581071 1)
(1.068621 4.681933 1)
(2.083656 4.326757 1)
(2.994209 3.754619 1)
(3.754619 2.994209 1)
(4.326757 2.083656 1)
(4.681933 1.068621 1)
(4.779879 0.3582863 0.5)
(0.3582863 4.779879 0.5)
(4.15177 2.397055 0.5)
(4.581071 1.4131 0.5)
(3.514281 3.260811 0.5)
(4.462679 1.751445 0.5)
(4.740523 0.7144932 0.5)
(3.961057 2.700572 0.5)
(3.260811 3.514281 0.5)
(0.7144932 4.740523 0.5)
(2.397055 4.15177 0.5)
(2.700572 3.961057 0.5)
(1.751445 4.462679 0.5)
(1.4131 4.581071 0.5)
(1.068621 4.681933 0.5)
(2.083656 4.326757 0.5)
(2.994209 3.754619 0.5)
(3.754619 2.994209 0.5)
(4.326757 2.083656 0.5)
(4.681933 1.068621 0.5)
)


// ************************************************************************* //
